ticker,gnk,bbby,hcci,skm,cs,azn,nvda,epac
gnk,0.6900316037889016,0.14095984182711097,0.1609241564912547,0.034631232191202566,0.09648873453146667,0.044799885950263185,0.1479398891908703,0.11147596711696384
bbby,0.14095984182711097,2.5940735646178466,0.18036094686439053,0.051857274076606785,0.10371055198426271,0.026990989555714773,0.2058607644656607,0.13540916331804476
hcci,0.1609241564912547,0.18036094686439053,0.4124131702448941,0.039834317267048336,0.09950634511858492,0.04329570065004251,0.14126381274115896,0.12082343441119403
skm,0.034631232191202566,0.051857274076606785,0.039834317267048336,0.08899799047550372,0.0296040893298134,0.017525757843220635,0.049475419996495074,0.029767674106730424
cs,0.09648873453146667,0.10371055198426271,0.09950634511858492,0.0296040893298134,0.10011667994651119,0.026916368880346764,0.09856037572061949,0.06545119596373739
azn,0.044799885950263185,0.026990989555714773,0.04329570065004251,0.017525757843220635,0.026916368880346764,0.09275101768080041,0.06828648753155253,0.027262788299715845
nvda,0.1479398891908703,0.2058607644656607,0.14126381274115896,0.049475419996495074,0.09856037572061949,0.06828648753155253,0.5593291304426127,0.10300691291091035
epac,0.11147596711696384,0.13540916331804476,0.12082343441119403,0.029767674106730424,0.06545119596373739,0.027262788299715845,0.10300691291091035,0.15915243032450466
